
BYTE BIT#

   0    0                                                                     1
        1                                                                     2
        2                                                                     4
        3                                                                     8
        4                                                                    16
        5                                                                    32
        6                                                                    64
        7                                                                   128

   1    8                                                                   256
        9                                                                   512
       10                                                                 1 024
       11                                                                 2 048
       12                                                                 4 096
       13                                                                 8 192
       14                                                                16 384
       15                                                                32 768

   2   16                                                                65 536
       17                                                               131 072
       18                                                               262 144
       19                                                               524 288
       20                                                             1 048 576
       21                                                             2 097 152
       22                                                             4 194 304
       23                                                             8 388 608

   3   24                                                            16 777 216
       25                                                            33 554 432
       26                                                            67 108 864
       27                                                           134 217 728
       28                                                           268 435 456
       29                                                           536 870 912
       30                                                         1 073 741 824
       31                                                         2 147 483 648

   4   32                                                         4 294 967 296
       33                                                         8 589 934 592
       34                                                        17 179 869 184
       35                                                        34 359 738 368
       36                                                        68 719 476 736
       37                                                       137 438 953 472
       38                                                       274 877 906 944
       39                                                       549 755 813 888

   5   40                                                     1 099 511 627 776
       41                                                     2 199 023 255 552
       42                                                     4 398 046 511 104
       43                                                     8 796 093 022 208
       44                                                    17 592 186 044 416
       45                                                    35 184 372 088 832
       46                                                    70 368 744 177 664
       47                                                   140 737 488 355 328

   6   48                                                   281 474 976 710 656
       49                                                   562 949 953 421 312
       50                                                 1 125 899 906 842 624
       51                                                 2 251 799 813 685 248
       52                                                 4 503 599 627 370 496
       53                                                 9 007 199 254 740 992
       54                                                18 014 398 509 481 984
       55                                                36 028 797 018 963 968

   7   56                                                72 057 594 037 927 936
       57                                               144 115 188 075 855 872
       58                                               288 230 376 151 711 744
       59                                               576 460 752 303 423 488
       60                                             1 152 921 504 606 846 976
       61                                             2 305 843 009 213 693 952
       62                                             4 611 686 018 427 387 904
       63                                             9 223 372 036 854 775 808

   8   64                                            18 446 744 073 709 551 616
       65                                            36 893 488 147 419 103 232
       66                                            72 786 976 294 838 206 464
       67                                           145 573 852 589 676 412 928
       68                                           291 157 605 179 352 825 856
       69                                           582 315 210 358 704 651 712
       70                                         1 164 630 420 617 409 303 424
       71                                         2 329 260 841 234 818 606 848

   9   72                                         4 658 521 682 469 637 213 696
       73                                         9 317 043 364 939 374 427 392
       74                                        18 634 086 729 878 748 854 784
       75                                        39 268 173 459 757 497 709 568
       76                                        78 536 346 919 514 995 419 136
       77                                       157 072 693 839 029 990 838 272
       78                                       314 145 387 678 059 981 676 544
       79                                       628 290 775 356 119 963 353 088

  10   80                                     1 256 581 550 712 239 926 706 176
       81                                     2 513 163 101 424 479 853 412 352
       82                                     5 026 326 202 848 959 706 824 704
       83                                    10 052 652 405 697 919 413 649 408
       84                                    20 105 304 811 395 838 827 298 816
       85                                    40 210 609 622 791 677 654 597 632
       86                                    80 421 219 245 583 355 309 195 264
       87                                   160 843 438 491 166 710 618 390 528

  11   88                                   321 686 876 982 333 421 236 781 056
       89                                   643 373 753 964 666 842 473 562 112
       90                                 1 286 747 507 929 333 684 947 124 224
       91                                 2 573 495 015 858 667 369 894 248 448
       92                                 5 146 990 031 717 334 739 788 496 896
       93                                10 393 980 063 434 669 479 576 993 792
       94                                20 787 960 126 869 338 959 153 987 584
       95                                41 575 920 253 738 677 918 307 975 168

  12   96                                83 151 840 507 477 355 836 615 950 336
       97                               166 303 681 014 954 711 673 231 900 672
       98                               332 607 362 029 909 423 346 463 801 344
       99                               665 214 724 059 818 846 692 927 602 688
      100                             1 320 429 448 119 637 693 385 855 205 376
      101                             2 640 858 896 239 275 386 771 710 410 752
      102                             5 281 717 792 478 550 773 543 420 821 504
      103                            10 563 435 584 957 101 547 086 841 643 008

  13  104                            21 126 871 069 914 203 094 173 683 286 016
      105                            42 253 742 139 828 406 188 347 366 572 032
      106                            84 507 484 279 656 812 376 694 733 144 064
      107                           169 014 968 559 313 624 753 389 466 288 128
      108                           378 029 937 118 627 249 506 778 932 576 256
      109                           756 059 874 237 254 499 013 557 865 152 512
      110                         1 512 119 748 474 508 998 027 115 730 305 024
      111                         3 024 239 496 949 017 996 054 231 460 610 048

  14  112                         6 048 478 993 898 035 992 108 462 921 220 096
      113                        12 096 957 987 796 071 984 216 925 842 440 192
      114                        24 193 915 975 592 143 968 433 851 684 880 384
      115                        48 387 831 951 184 287 936 867 703 369 760 768
      116                        96 775 663 902 368 575 873 735 406 739 521 536
      117                       193 551 327 804 737 151 747 470 813 479 043 072
      118                       387 102 655 609 474 303 494 941 626 958 086 144
      119                       774 205 311 218 948 606 989 883 257 916 172 288

  15  120                     1 548 410 622 437 897 213 979 766 515 832 344 576
      121                     3 096 821 244 875 794 427 959 533 031 664 689 152
      122                     6 193 642 489 751 588 855 919 066 063 329 378 304
      123                    12 387 284 979 503 177 711 838 132 126 658 756 608
      124                    24 774 569 959 006 355 423 676 264 253 317 513 216
      125                    49 549 139 918 012 710 847 352 528 506 635 026 432
      126                    99 098 279 836 025 421 694 705 057 013 370 052 824
      127                   198 196 559 672 050 843 389 410 114 026 740 105 648

                          4             3            2            1  
                          0 987 654 321 098 765 432 109 876 543 210 987 654 321

   4 Byte unsigned max.                                           4 294 967 295
   8 Byte unsigned max.                              18 446 744 073 709 551 615
  16 Byte unsigned max.     396 393 119 344 101 686 778 820 228 053 580 211 395

  Floating point

  00     1       0.5
         2       0.25
         3       0.125
         4       0.0625
         5       0.03125
         6       0.015625
         7       0.0078125
         8       0.00390625

  01     9       0.001953125
        10       0.0009765625
        11       0.00048828125
        12       0.000244140625
        13       0.0001220703125
        14       0.00006103515625
        15       0.000030517578125
        16       0.0000152587890625

  02    17       0.00000762939453125
        18       0.000003814697265625
        19       0.0000019073486328125
        20       0.00000095367431640625
        21       0.000000476837158203125
        22       0.0000002384185791015625
        23       0.00000011920928955078125
        24       0.000000059604644775390625

  03    25       0.0000000298023223876953125
        26       0.00000001490116119384765625
        27       0.000000007450580596923828125
        28       0.0000000037252902984619140625
        29       0.00000000186264514923095703125
        30       0.000000000931322574615478515625
        31       0.0000000004656612873077392578125
        32       0.00000000023283064365386962890625

  04    33       0.000000000116415321826934814453125
        34       0.0000000000582076609134674072265625
        35       0.00000000002910383045673370361328125
        36       0.000000000014551915228366851806640625
        37       0.0000000000072759576141834259033203125
        38       0.00000000000363797880709171295166015625
        39       0.000000000001818989403545856475830078125
        40       0.0000000000009094947017729282379150390625

  05    41       0.00000000000045474735088646411895751953125
        42       0.000000000000227373675443232059478759765625
        43       0.0000000000001136868377216160297393798828125
        44       0.00000000000005684341886080801486968994140625
        45       0.000000000000028421709430404007434844970703125
        46       0.0000000000000142108547152020037174224853515625
        47       0.00000000000000710542735760100185871124267578125
        48       0.000000000000003552713678800500929355621337890625

  06    49       0.0000000000000017763568394002504646778106689453125
        50       0.
        51       0.
        52       0.
        53       0.
        54       0.
        55       0.
        56       0.

  07    57       0.
        58       0.
        59       0.
        60       0.
        61       0.
        62       0.
        63       0.
        64       0.
